generation,N_shifts,logPrior,logLik,eventRate,acceptRate
0,0,-4.87354,-4458.32,100,1
10000,0,-3.95848,-3700.22,1.0848,0.134
20000,0,-4.15039,-3683.78,0.422691,0.139
30000,0,-4.19015,-3680.88,0.0285672,0.128333
40000,0,-4.26873,-3684.17,1.8148,0.139
50000,0,-4.14601,-3679.47,0.336598,0.188333
60000,0,-4.1513,-3679.61,0.517307,0.117
70000,1,-5.83168,-3673,0.289171,0.368167
80000,0,-4.12976,-3679.98,0.458296,0.143857
90000,0,-4.13381,-3679.27,0.355602,0.13975
100000,1,-5.0887,-3643.37,0.935737,0.1784
110000,1,-4.8069,-3643.76,0.769427,0.25025
120000,1,-4.1319,-3638.38,2.70627,0.221333
130000,1,-4.2012,-3639.07,0.963379,0.197063
140000,1,-4.11705,-3638.67,0.945846,0.229
150000,1,-5.11493,-3641.88,2.58078,0.255
160000,1,-4.37883,-3637.26,0.268732,0.205
170000,1,-4.25839,-3635.81,0.860829,0.213
180000,1,-4.62167,-3642.11,1.4095,0.202333
190000,1,-4.2189,-3636.72,1.9132,0.2102
200000,1,-5.49669,-3641.27,1.28852,0.276
210000,1,-4.33246,-3636.28,0.338332,0.209
220000,1,-4.36753,-3635.9,1.46524,0.206
230000,1,-4.36566,-3636.36,2.97345,0.151
240000,1,-4.36245,-3636.11,0.556262,0.203
250000,1,-5.58784,-3642.1,2.1375,0.233316
260000,1,-4.08227,-3635.65,3.20908,0.221
270000,1,-4.49181,-3636.74,2.44637,0.180667
280000,1,-4.24329,-3640.09,1.60258,0.24725
290000,2,-4.38384,-3638.57,1.67488,0.206
300000,1,-4.32711,-3638.04,1.99093,0.184
310000,1,-4.36104,-3639.64,1.50815,0.1962
320000,2,-3.39197,-3630.18,2.17841,0.253
330000,3,-4.69708,-3627.88,2.83929,0.233
340000,4,-4.03402,-3609.01,8.80135,0.278167
350000,3,-3.97921,-3602.44,3.40603,0.269
360000,3,-3.17214,-3601.26,7.40587,0.289
370000,3,-4.71495,-3612.43,4.00566,0.265765
380000,1,-4.1322,-3636.71,1.9911,0.145
390000,1,-4.47004,-3638.92,1.16156,0.205889
400000,1,-4.80023,-3642.73,1.02098,0.2075
410000,3,-2.6898,-3614.49,7.06587,0.250333
420000,3,-3.2678,-3616.69,7.24424,0.271
430000,3,-4.13072,-3598.94,4.03528,0.221
440000,4,-3.31063,-3596.17,9.74262,0.241
450000,4,-3.40159,-3594.42,4.09823,0.228778
460000,3,-5.23359,-3597.45,2.8233,0.243
470000,3,-5.318,-3598.66,3.03256,0.221
480000,1,-4.7896,-3646.52,1.6072,0.271
490000,4,-2.31655,-3588.24,4.36625,0.26
500000,3,-3.82116,-3593.38,3.58238,0.218
510000,3,-2.81002,-3594.61,3.93531,0.264
520000,4,-3.62324,-3593.01,3.43335,0.248
530000,4,-4.60807,-3599.13,3.98889,0.259
540000,4,-2.3976,-3572.82,4.07505,0.259
550000,4,-3.07667,-3576.86,8.15241,0.232
560000,3,-3.79505,-3598.04,3.22718,0.235
570000,3,-4.24591,-3600.58,1.78638,0.258
580000,3,-3.73633,-3597.11,6.76245,0.237
590000,4,-3.24205,-3577.06,3.22386,0.24
600000,4,-3.9731,-3580.88,3.85204,0.271
610000,1,-4.25833,-3635.68,1.05704,0.218132
620000,5,-4.27868,-3590.25,11.0145,0.244
630000,5,-3.72648,-3593.21,3.42879,0.251
640000,3,-3.82529,-3599.42,0.74451,0.228571
650000,6,-2.64135,-3569.28,7.43969,0.23
660000,6,-2.73494,-3566.36,5.65249,0.345
670000,6,-1.42296,-3561.47,6.11129,0.277
680000,4,-2.79628,-3592.98,5.49223,0.294
690000,4,-2.61924,-3589.35,7.55457,0.268
700000,8,-3.47684,-3563.95,10.5352,0.292917
710000,4,-2.21385,-3584.59,5.86945,0.269143
720000,4,-4.04609,-3592.68,2.48527,0.275
730000,4,-3.77521,-3589.22,2.94007,0.222
740000,5,-3.3081,-3568.84,10.0699,0.314
750000,3,-3.49987,-3594.46,2.54249,0.209
760000,7,-1.83892,-3567.04,5.03163,0.324
770000,4,-2.80935,-3609.07,4.46104,0.254281
780000,6,-1.69868,-3562.69,7.25775,0.274
790000,4,-3.6955,-3586.2,7.52108,0.25925
800000,6,-4.55529,-3560.69,5.09261,0.274
810000,5,-2.58321,-3576.11,4.21616,0.355
820000,3,-3.73416,-3594.74,5.10085,0.265
830000,4,-2.67522,-3586.41,13.0038,0.248
840000,5,-1.93393,-3586.31,4.04755,0.279
850000,3,-3.44529,-3597.86,5.12814,0.228
860000,5,-4.62561,-3575.48,4.27584,0.27412
870000,3,-3.51858,-3599.22,2.09088,0.2305
880000,3,-3.65339,-3600.09,7.07527,0.22625
890000,3,-3.64683,-3598.46,3.17385,0.2462
900000,5,-2.26085,-3573.87,7.86196,0.268
910000,3,-3.58105,-3599.69,4.14021,0.186
920000,4,-2.81897,-3577.18,2.51962,0.25575
930000,3,-4.15858,-3598.03,3.43007,0.237
940000,4,-4.45277,-3595.12,2.4152,0.234
950000,5,-6.09303,-3586.25,11.0027,0.2518
960000,4,-4.27406,-3593.5,5.57993,0.221385
970000,4,-4.04201,-3592.8,7.16294,0.218
980000,3,-3.91347,-3595.66,4.24465,0.241
990000,4,-4.82315,-3593.55,8.28428,0.274286
1000000,5,-5.24509,-3576.31,4.00474,0.248167
1010000,5,-2.84967,-3568.84,6.72235,0.255
1020000,4,-3.30314,-3594.77,2.59721,0.294
1030000,3,-4.32311,-3603.39,5.24493,0.233067
1040000,4,-2.97283,-3594.32,1.00803,0.242
1050000,3,-3.68012,-3593.89,2.29895,0.255286
1060000,3,-3.64459,-3597.03,3.34919,0.227429
1070000,3,-3.44281,-3593.73,1.62674,0.203
1080000,8,-3.50679,-3559.26,6.2576,0.239467
1090000,7,-6.5786,-3560.46,6.09145,0.288
1100000,6,-2.07033,-3554.82,10.1954,0.267
1110000,3,-3.71467,-3588.31,4.50259,0.259
1120000,5,-4.67181,-3588.5,4.34942,0.263571
1130000,4,-2.94661,-3590.1,1.93466,0.310667
1140000,5,-1.9017,-3562.87,10.1573,0.288
1150000,4,-6.53363,-3590.33,6.35472,0.276
1160000,3,-3.4923,-3591.44,3.95571,0.25125
1170000,6,-4.04564,-3557.88,7.60575,0.237
1180000,3,-4.4143,-3590.55,3.26937,0.258
1190000,5,-4.28824,-3586.58,4.65333,0.2274
1200000,5,-2.54439,-3567.06,7.87276,0.247
1210000,4,-3.48622,-3595.61,6.13034,0.248
1220000,4,-4.55181,-3586.37,9.74384,0.309333
1230000,3,-3.73526,-3590.7,1.35241,0.274
1240000,3,-4.05239,-3593.11,6.38124,0.278
1250000,4,-4.65523,-3588.82,5.1398,0.277
1260000,4,-5.05735,-3587.54,1.70187,0.278
1270000,4,-2.70557,-3583.2,2.80193,0.322
1280000,4,-4.78655,-3589.34,6.03139,0.2504
1290000,6,-4.03299,-3556.79,8.90746,0.26
1300000,4,-6.27347,-3579.22,5.3699,0.292571
1310000,5,-5.46723,-3586.41,7.38537,0.319
1320000,5,-5.57571,-3582.46,7.68764,0.2796
1330000,5,-4.18575,-3580.44,5.21493,0.255692
1340000,6,-4.65901,-3576.52,8.67603,0.263
1350000,7,-3.29868,-3556.73,6.15757,0.254
1360000,7,-4.70726,-3564.87,9.32268,0.268
1370000,4,-3.00339,-3589.97,3.79813,0.26275
1380000,6,-5.23998,-3565.07,3.73612,0.267
1390000,3,-4.07437,-3584.92,1.93639,0.253
1400000,5,-2.43027,-3581.88,7.95115,0.276
1410000,7,-4.80056,-3562.68,8.45571,0.252
1420000,5,-1.40018,-3577.05,4.442,0.245263
1430000,5,-2.48419,-3579.6,5.0604,0.238
1440000,7,-5.3855,-3562.6,10.0152,0.309
1450000,4,-5.92489,-3581.75,6.50181,0.28
1460000,4,-4.43577,-3575.63,4.77884,0.267
1470000,7,-6.35689,-3556.65,4.06539,0.251
1480000,5,-4.53071,-3566.38,11.3763,0.255
1490000,4,-3.73446,-3576.01,2.96098,0.271
1500000,5,-3.1057,-3561.72,4.78596,0.239333
1510000,4,-3.87509,-3572.78,3.72908,0.261
1520000,5,-3.06019,-3569.74,5.83939,0.2855
1530000,4,-4.77015,-3574.77,3.7406,0.2687
1540000,4,-3.18379,-3574.82,6.30115,0.2615
1550000,5,-3.44717,-3566.18,5.15612,0.25125
1560000,7,-5.13328,-3559.42,8.30659,0.249857
1570000,7,-6.4309,-3554.71,8.3671,0.306
1580000,7,-3.34294,-3555.01,9.33781,0.271
1590000,8,-1.78979,-3549,5.13287,0.256
1600000,4,-3.06702,-3577.24,5.58242,0.27
1610000,6,-3.79622,-3561.41,3.50311,0.238
1620000,6,-4.4023,-3560.61,5.63563,0.254
1630000,5,-6.63306,-3574.15,4.47819,0.213
1640000,6,-4.39313,-3562.11,6.15932,0.278
1650000,6,-3.54918,-3560.23,3.7453,0.286
1660000,5,-3.10241,-3574.05,4.36959,0.303
1670000,4,-5.22463,-3572.22,2.40505,0.237
1680000,6,-2.85135,-3560.09,8.32939,0.27
1690000,6,-4.95665,-3561.18,8.29507,0.2855
1700000,9,-2.62935,-3539.29,9.29186,0.315
1710000,8,-4.26298,-3539.07,8.23835,0.243667
1720000,6,-5.75093,-3563.66,4.29129,0.292
1730000,10,-4.24317,-3541.37,21.7231,0.293615
1740000,11,-7.98801,-3540.44,11.8233,0.338
1750000,5,-2.52389,-3561.3,5.26208,0.245
1760000,7,-2.55107,-3560.7,7.28456,0.306143
1770000,6,-7.36157,-3561.18,9.36464,0.308
1780000,5,-4.43911,-3565.12,6.80682,0.271
1790000,6,-2.8159,-3555.48,5.12976,0.2546
1800000,6,-2.04348,-3558.52,8.82665,0.2606
1810000,6,-2.6708,-3562.77,10.5525,0.2804
1820000,5,-2.80791,-3565.98,9.04674,0.247
1830000,8,-0.27717,-3539.4,3.24862,0.333
1840000,6,-6.87609,-3566.01,5.98717,0.308
1850000,8,-2.35675,-3536.85,8.73979,0.287
1860000,6,-1.3951,-3557.95,6.14582,0.276929
1870000,6,-1.79258,-3573.37,5.67155,0.304056
1880000,9,-1.79969,-3543.42,8.09671,0.272
1890000,6,-1.79856,-3564.28,7.53026,0.291
1900000,10,0.0963923,-3537.68,11.4553,0.28225
1910000,5,-2.8796,-3564.97,8.22565,0.237
1920000,4,-3.87046,-3576.23,9.48962,0.249625
1930000,8,-0.757124,-3545.06,12.8629,0.268
1940000,9,-2.64968,-3553.26,6.69431,0.266
1950000,9,-1.97428,-3543.1,7.16898,0.247
1960000,4,-4.39406,-3578.12,6.58302,0.297
1970000,9,-1.28346,-3538.19,9.89217,0.274
1980000,4,-4.94085,-3577.52,6.03956,0.26275
1990000,9,-5.74874,-3528.59,11.2791,0.295
2000000,13,-1.84256,-3527.39,10.8726,0.294
2010000,10,0.581171,-3531.67,6.64119,0.248
2020000,7,-2.16138,-3546.48,10.6487,0.255
2030000,9,-2.26218,-3541.41,11.3876,0.273
2040000,6,-2.80378,-3545.31,5.18361,0.259
2050000,9,-2.25357,-3534.34,13.2511,0.294294
2060000,4,-2.80135,-3573.42,2.38693,0.242
2070000,4,-2.61137,-3572.47,4.73529,0.255333
2080000,7,-5.72995,-3546.03,16.4799,0.298
2090000,6,-2.74676,-3566.6,6.67783,0.3185
2100000,6,-1.70306,-3545.49,8.21398,0.222
2110000,9,-5.09826,-3536.36,6.80681,0.272333
2120000,6,-2.92547,-3547.73,6.1639,0.222
2130000,5,-2.76854,-3568.14,2.06938,0.243
2140000,8,-0.839659,-3543.2,5.85189,0.2758
2150000,6,-2.46882,-3549.88,5.2574,0.233
2160000,8,-4.36621,-3545.66,12.3356,0.257333
2170000,6,-3.82718,-3566.09,14.7786,0.265
2180000,4,-3.20705,-3577.69,3.83031,0.265875
2190000,9,-1.39103,-3532.61,6.88503,0.297
2200000,4,-3.443,-3575.37,7.21431,0.275562
2210000,8,-1.60062,-3541.62,7.75244,0.240125
2220000,8,-1.43423,-3534.56,8.14909,0.269875
2230000,6,-2.47345,-3548.74,5.43735,0.222667
2240000,6,-1.56692,-3545.76,6.45894,0.261
2250000,4,-3.61478,-3569.95,4.0833,0.26425
2260000,6,-9.10946,-3569.64,12.2328,0.24
2270000,8,-2.37202,-3555.31,4.45981,0.274
2280000,8,-0.766145,-3541.63,9.39977,0.321
2290000,6,-5.28628,-3569.76,5.13261,0.184
2300000,9,-0.775319,-3549.35,10.2218,0.242333
2310000,8,-0.30871,-3537.4,8.37419,0.234
2320000,10,-2.35367,-3543,8.60013,0.33
2330000,8,-1.51185,-3539.58,12.4076,0.275
2340000,4,-3.14676,-3573.91,5.62461,0.285
2350000,9,-4.00753,-3532.9,6.63506,0.257
2360000,9,-3.27826,-3538.5,6.43338,0.279
2370000,7,-3.03027,-3563.45,11.7161,0.262667
2380000,6,-1.97928,-3554.82,8.92562,0.290778
2390000,6,-1.88172,-3559.33,5.24491,0.265
2400000,8,-3.66305,-3545.74,8.36279,0.269769
2410000,6,-3.87361,-3573.67,5.47396,0.193
2420000,8,-1.54017,-3546.2,9.07524,0.275
2430000,13,-7.08898,-3539.4,15.0802,0.294
2440000,6,-3.61758,-3561.02,6.27765,0.2744
2450000,11,-4.92686,-3529.55,12.6475,0.270545
2460000,11,-10.3058,-3529.13,8.27672,0.277
2470000,9,-5.49293,-3531.97,9.98836,0.239
2480000,6,-3.3419,-3562.21,4.89377,0.237
2490000,6,-3.94671,-3554.82,6.62767,0.257
2500000,6,-1.69963,-3558.02,4.81057,0.2315
2510000,6,-3.72231,-3557.02,9.99203,0.249625
2520000,7,-2.39476,-3558.78,8.01752,0.252333
2530000,6,-3.83235,-3561.97,6.03873,0.2663
2540000,8,-3.44894,-3553.88,8.41005,0.317
2550000,7,-1.8536,-3548.78,8.69366,0.304125
2560000,7,-2.79771,-3554.47,4.63676,0.308
2570000,9,-3.43173,-3541.74,7.31503,0.261
2580000,9,-4.08479,-3540.6,6.81234,0.263
2590000,7,-7.58879,-3561.38,8.77591,0.272727
2600000,9,-2.82617,-3546.41,8.279,0.249667
2610000,6,-1.5892,-3557.28,3.96335,0.311
2620000,6,-1.29099,-3563.02,3.0827,0.272444
2630000,6,-3.11299,-3561.34,5.24028,0.267818
2640000,9,-2.75687,-3531.35,10.2912,0.242
2650000,6,-4.11554,-3555.51,4.97359,0.25
2660000,8,-6.74492,-3551.13,8.41454,0.31175
2670000,6,-3.16875,-3554.59,4.88324,0.249
2680000,8,-4.86802,-3557.76,8.08541,0.270231
2690000,8,-2.80124,-3545.27,11.3041,0.238
2700000,9,-3.29874,-3547.93,8.6165,0.262
2710000,7,-2.87176,-3553.82,6.52421,0.271
2720000,9,-1.76774,-3540.63,7.26828,0.245
2730000,6,-1.61395,-3557.58,6.96318,0.280091
2740000,7,-1.9499,-3550.72,5.91985,0.318
2750000,9,-3.31704,-3537.24,14.2632,0.285
2760000,6,-1.85042,-3558.86,10.6422,0.295
2770000,6,-1.77615,-3553.26,5.61866,0.279
2780000,6,-1.50831,-3556.14,4.94388,0.267
2790000,7,-1.67219,-3550.84,8.88582,0.267
2800000,6,-1.55673,-3555.34,8.09501,0.271056
2810000,7,-3.83041,-3550.71,5.93141,0.227
2820000,6,-5.29553,-3557.25,7.08801,0.231444
2830000,9,-6.0472,-3548.53,8.12107,0.258667
2840000,7,-2.74526,-3553.24,4.74257,0.2856
2850000,6,-2.39273,-3562.75,7.12666,0.271
2860000,6,-4.47314,-3558.21,7.48534,0.237
2870000,7,-4.41163,-3555.11,7.60023,0.305167
2880000,7,-0.830947,-3547.38,5.20674,0.292667
2890000,7,-2.88688,-3548.27,6.06122,0.314
2900000,7,-1.68543,-3557.84,8.27634,0.3135
2910000,6,-1.58048,-3554.27,9.19782,0.26
2920000,9,-7.55717,-3538.43,9.77484,0.245
2930000,5,-1.91629,-3567.63,6.56019,0.289
2940000,10,-4.7157,-3550.55,6.80102,0.269
2950000,5,-3.701,-3565.61,8.98679,0.301
2960000,10,-4.46647,-3546.43,7.76991,0.262333
2970000,11,-3.50709,-3521.65,10.5571,0.283
2980000,9,-1.08241,-3534.07,11.4182,0.251
2990000,7,-1.07731,-3565.62,5.22197,0.274
3000000,10,-7.92163,-3541.92,15.8059,0.296333
3010000,7,-4.28775,-3551.41,4.71653,0.214
3020000,6,-2.47159,-3558.9,11.4543,0.295
3030000,9,-1.69682,-3533.73,10.3784,0.267
3040000,7,-3.8128,-3555.68,6.42425,0.263
3050000,7,-2.91332,-3549.93,8.88837,0.25425
3060000,6,-2.12354,-3556.72,7.91853,0.285
3070000,8,-2.06385,-3543.37,7.54072,0.266
3080000,7,-1.41391,-3550.82,4.14245,0.193
3090000,8,-0.503358,-3545.82,10.8935,0.262
3100000,9,-1.63639,-3546.22,12.8539,0.28375
3110000,7,-1.84242,-3553.17,4.69347,0.245
3120000,6,-1.73453,-3555.27,7.59275,0.24
3130000,6,-1.53569,-3550.74,8.61672,0.248846
3140000,6,-2.68393,-3559.3,6.61207,0.198
3150000,5,-1.65507,-3562.54,6.87832,0.272
3160000,8,-4.75974,-3542.56,9.93559,0.21
3170000,7,-6.58719,-3547.67,6.49187,0.234667
3180000,11,-1.41349,-3525.45,12.5256,0.337
3190000,6,-3.20804,-3554.94,8.81016,0.23
3200000,6,-2.16506,-3563.02,2.66323,0.267444
3210000,9,-2.43452,-3525.96,9.615,0.266
3220000,9,-7.61086,-3533.22,8.74557,0.2896
3230000,9,-2.89793,-3531.16,11.5034,0.255
3240000,9,-2.17332,-3544.93,11.3046,0.298
3250000,8,-2.74531,-3546.01,4.59555,0.295889
3260000,7,-1.78715,-3549.58,6.2202,0.2698
3270000,8,-1.9055,-3528.44,5.77223,0.242375
3280000,8,-2.20928,-3560.5,11.9401,0.3
3290000,8,-3.86959,-3537.75,8.95021,0.265
3300000,9,-5.87447,-3554.52,9.25779,0.264833
3310000,7,-3.62777,-3553.46,12.1031,0.217
3320000,10,-0.859708,-3524.51,7.41511,0.256
3330000,7,-5.08866,-3544.57,7.09452,0.252
3340000,10,-1.6792,-3516.32,7.45446,0.275
3350000,11,-3.95426,-3523.55,9.00374,0.275625
3360000,8,-4.31582,-3543.57,11.8082,0.247333
3370000,10,-2.34697,-3528.2,13.5688,0.2725
3380000,12,-4.32076,-3524.36,17.9514,0.2876
3390000,12,-7.4048,-3525.23,14.1007,0.267
3400000,10,-2.9598,-3529.02,9.86384,0.317
3410000,9,-1.16147,-3531.41,9.32479,0.296
3420000,6,-2.68464,-3564.86,6.53269,0.280125
3430000,10,-0.538249,-3533.53,11.4709,0.277
3440000,6,-2.01918,-3545.26,5.16003,0.229571
3450000,8,-4.48135,-3543.21,5.5007,0.2485
3460000,8,-4.1961,-3538.84,12.6371,0.2465
3470000,8,-5.78391,-3538.8,9.93884,0.268429
3480000,9,-4.21665,-3544.83,7.84188,0.249
3490000,7,-1.81432,-3541.72,6.29031,0.223
3500000,7,-3.23639,-3536.37,7.91915,0.226778
3510000,7,-2.97092,-3532.17,7.09062,0.263167
3520000,8,-3.14961,-3536.75,8.78994,0.299
3530000,10,-6.60072,-3553.05,9.89316,0.307
3540000,9,-2.56047,-3539.91,8.26737,0.272
3550000,7,-2.66985,-3538.49,8.29195,0.23975
3560000,8,-1.30706,-3540.45,10.254,0.263444
3570000,7,-0.732717,-3535.6,3.31455,0.2297
3580000,7,-1.44418,-3542.57,4.49511,0.254833
3590000,9,-3.07467,-3526.22,7.7924,0.246
3600000,9,-3.46984,-3529.87,7.46438,0.248125
3610000,7,-1.4746,-3533.84,6.03873,0.26
3620000,10,-4.35166,-3538.52,8.43995,0.258571
3630000,8,-4.98262,-3544.77,11.3987,0.2938
3640000,6,-3.39866,-3544.44,14.6502,0.21
3650000,8,-7.55179,-3541.78,9.90359,0.270333
3660000,8,-1.60847,-3523.23,7.07255,0.282
3670000,6,-4.6722,-3542.22,10.8417,0.252857
3680000,8,-0.929204,-3540.71,7.2285,0.297
3690000,8,-1.59009,-3538.39,8.887,0.261
3700000,8,-0.831218,-3541.09,4.69963,0.2735
3710000,8,-2.94455,-3530.92,12.7102,0.250667
3720000,8,-1.34651,-3533.66,5.4806,0.277
3730000,8,-2.21665,-3542.94,10.732,0.279176
3740000,8,-1.74443,-3552.25,9.31571,0.311
3750000,8,-3.09595,-3545.72,6.70176,0.297
3760000,9,-2.0237,-3538.37,10.3249,0.336
3770000,8,-2.6446,-3535.04,6.9806,0.25
3780000,7,-2.26757,-3556.96,7.82786,0.241
3790000,7,-5.28334,-3533.18,6.31724,0.250571
3800000,8,-6.13734,-3532.68,6.67363,0.273
3810000,10,-1.81259,-3545.38,12.6785,0.303
3820000,8,-2.36922,-3541.81,10.5209,0.218
3830000,7,-2.97559,-3531.75,8.08443,0.234
3840000,7,-2.17234,-3524.87,10.2892,0.187
3850000,7,-2.15073,-3530.77,4.45101,0.231
3860000,8,-2.16148,-3540.19,8.04452,0.249
3870000,8,-0.92301,-3541.74,12.6269,0.256
3880000,6,-3.73983,-3560.15,7.32285,0.266
3890000,10,-2.52345,-3530.46,13.1791,0.23
3900000,8,-6.25171,-3542.1,4.82781,0.244
3910000,9,-1.73086,-3545.07,9.01037,0.2535
3920000,8,-2.19102,-3528.75,12.5084,0.244
3930000,7,-3.7946,-3532.8,5.30152,0.248
3940000,7,-2.25179,-3535.41,7.93463,0.26025
3950000,6,-2.39415,-3537.15,5.51452,0.224
3960000,6,-1.08693,-3548.74,4.2247,0.2585
3970000,9,-4.23582,-3530.89,8.78681,0.227
3980000,8,-3.96595,-3537.37,4.28328,0.216
3990000,7,-4.2487,-3549.55,13.2256,0.25325
4000000,8,-6.79792,-3539.9,7.25401,0.229
4010000,7,-7.86332,-3551.45,10.9046,0.223
4020000,7,-1.67571,-3559.52,3.1867,0.285
4030000,7,-3.94111,-3543.33,5.90292,0.219
4040000,8,-3.63958,-3540.78,11.4282,0.256333
4050000,9,-3.44531,-3536.23,11.863,0.256
4060000,8,-1.49836,-3526.45,7.43552,0.222
4070000,6,-3.67508,-3538.14,2.74908,0.236615
4080000,8,-4.4588,-3550.19,5.31474,0.254
4090000,7,-5.7258,-3547.65,4.90977,0.178
4100000,8,-2.30889,-3533.16,7.1583,0.249
4110000,8,-3.28137,-3537.84,8.40906,0.244
4120000,7,-2.52042,-3549.84,11.1902,0.22
4130000,7,-4.65825,-3533.39,7.58808,0.218333
4140000,7,-3.24268,-3528.5,12.8356,0.196
4150000,7,-2.54741,-3528.93,13.0789,0.2135
4160000,7,-2.41865,-3527.89,10.3589,0.211
4170000,7,-1.7926,-3534.69,3.52558,0.2484
4180000,7,-5.28222,-3556.69,12.9852,0.285
4190000,8,-1.74563,-3536.27,4.62523,0.2202
4200000,8,-3.1278,-3540.99,4.99935,0.2572
4210000,7,-1.88921,-3537.21,7.26868,0.236
4220000,6,-3.63923,-3555.46,7.37927,0.285273
4230000,9,-0.534572,-3536.61,10.1031,0.221
4240000,8,-8.35952,-3543.11,9.2222,0.271
4250000,7,-2.30151,-3536.74,8.99594,0.274
4260000,7,-3.36281,-3537.71,7.44565,0.237
4270000,7,-1.92243,-3535.05,8.11785,0.232
4280000,7,-2.78782,-3537.76,6.99216,0.236
4290000,6,-2.39342,-3554.35,3.74015,0.244
4300000,6,-1.76689,-3562.45,9.04527,0.249
4310000,8,-1.54538,-3536.95,7.94202,0.2515
4320000,7,-2.99702,-3545.96,7.40657,0.256
4330000,9,-5.30276,-3546.39,15.5425,0.247667
4340000,6,-5.56003,-3557.25,8.78612,0.265
4350000,6,-4.3246,-3561.76,6.58932,0.261
4360000,7,-1.57709,-3544.32,6.10213,0.287
4370000,9,-1.75931,-3535.36,9.62684,0.27
4380000,6,-1.76021,-3545.28,5.29304,0.197
4390000,6,-1.312,-3543.63,3.86526,0.243
4400000,9,-1.94953,-3532.23,10.8017,0.216
4410000,6,-2.72857,-3557.61,6.54745,0.278615
4420000,8,-0.632894,-3547.69,3.68424,0.336
4430000,7,-2.73022,-3540.84,6.265,0.279
4440000,9,-1.73091,-3532.89,8.44011,0.303
4450000,7,-7.6604,-3565.32,7.14869,0.298
4460000,8,-1.20938,-3534.91,8.0399,0.2495
4470000,7,-2.99402,-3549.71,6.17961,0.3005
4480000,8,-1.04418,-3531.31,9.71432,0.269
4490000,8,-0.317652,-3533.25,5.5097,0.246
4500000,8,-2.63369,-3539.2,10.4222,0.242
4510000,9,-4.80951,-3527.85,6.66784,0.254862
4520000,10,-2.80778,-3518.84,6.06764,0.261
4530000,9,-1.32103,-3529.39,17.1837,0.284
4540000,7,-1.92818,-3547.64,3.55678,0.2838
4550000,7,-1.79374,-3551.38,7.96526,0.227
4560000,10,0.472037,-3529.35,10.8171,0.29
4570000,8,-2.64211,-3530.94,9.3966,0.23
4580000,6,-4.39755,-3557.06,11.1839,0.209
4590000,9,-0.510881,-3527.72,15.4396,0.256286
4600000,8,-1.1136,-3525.95,6.51291,0.238
4610000,9,-1.60902,-3523.67,15.1186,0.228778
4620000,7,-3.22213,-3552.38,4.70361,0.2736
4630000,8,-1.91604,-3525.17,4.10032,0.279733
4640000,9,-8.68273,-3558.31,8.90852,0.28375
4650000,5,-4.00401,-3568.2,2.86695,0.255
4660000,8,-2.34388,-3528.26,5.53422,0.244
4670000,8,-2.69499,-3538.64,9.27327,0.245
4680000,8,-5.86424,-3549.2,9.64074,0.224
4690000,8,-3.99301,-3537.62,4.62626,0.27
4700000,8,-8.38246,-3545.89,8.66543,0.224923
4710000,7,-4.63357,-3542.76,7.3167,0.244
4720000,9,-2.11221,-3528.37,7.23158,0.24025
4730000,9,-2.98871,-3524.53,11.3209,0.263
4740000,7,-1.86232,-3550.06,12.1309,0.262
4750000,9,-4.28812,-3525.79,7.53481,0.281
4760000,7,-3.53376,-3539.15,15.1732,0.229
4770000,8,-2.15295,-3521.86,4.17677,0.246
4780000,8,-3.33093,-3531.83,10.7712,0.259
4790000,8,-2.68327,-3535.14,14.9947,0.254
4800000,5,-2.78577,-3561.76,9.49311,0.234
4810000,9,-2.28134,-3537.15,12.7003,0.297
4820000,8,-2.70428,-3530.6,4.97263,0.21
4830000,8,-0.976117,-3528.66,6.22704,0.265
4840000,9,-1.97515,-3535.6,15.5964,0.245385
4850000,8,-2.58731,-3536.2,9.42663,0.2431
4860000,9,-8.80975,-3531.86,7.04625,0.245
4870000,10,0.825032,-3519.39,5.41377,0.256
4880000,11,-3.32887,-3518.85,7.87282,0.275
4890000,6,-4.23269,-3564.71,5.04684,0.2355
4900000,8,-3.6551,-3530.73,9.08151,0.265
4910000,10,-2.92554,-3522.94,7.74754,0.253
4920000,9,0.268911,-3518.45,10.3479,0.235
4930000,9,0.321453,-3526.81,5.76354,0.24
4940000,8,-0.0142232,-3540.92,7.85345,0.257
4950000,9,-2.13638,-3523.73,8.44457,0.278
4960000,8,-3.32229,-3538.11,14.8016,0.263467
4970000,6,-2.07238,-3561.35,6.32137,0.323
4980000,7,-2.39426,-3533.72,9.37011,0.234
4990000,9,-3.49103,-3522.16,11.815,0.236
5000000,9,-4.05311,-3518.93,13.0609,0.2625
5010000,10,-8.31218,-3532.45,8.58514,0.239
5020000,6,-5.44287,-3558.9,10.6864,0.261545
5030000,9,-3.44189,-3523.04,12.796,0.250333
5040000,5,-3.82742,-3554.79,5.74141,0.254
5050000,10,-3.43981,-3530.97,11.7856,0.271
5060000,13,-4.54345,-3521.26,10.2615,0.306375
5070000,6,-1.5806,-3561.34,6.46706,0.259833
5080000,8,-4.01379,-3552.42,7.7441,0.274
5090000,10,-4.99569,-3543.62,15.3421,0.327
5100000,11,-3.16337,-3517.86,10.8459,0.32825
5110000,10,-4.59152,-3525.43,10.4345,0.278
5120000,8,-3.54496,-3522.82,7.02746,0.25
5130000,10,-0.873095,-3529.67,9.295,0.287
5140000,8,-1.23559,-3529.33,11.1212,0.252
5150000,8,-0.452612,-3523.48,7.54356,0.285
5160000,9,-0.89206,-3526.36,4.18009,0.268
5170000,7,-1.90517,-3528.47,8.15919,0.234
5180000,7,-2.17873,-3530.59,6.86402,0.198
5190000,8,-2.8353,-3551.32,8.62232,0.288
5200000,9,-4.70213,-3528.09,12.0061,0.264667
5210000,12,-0.964316,-3525.2,10.945,0.279
5220000,9,-2.50327,-3521.31,12.5695,0.267625
5230000,9,-3.98527,-3522.85,7.22452,0.236
5240000,11,-2.78141,-3524.13,14.3841,0.275
5250000,7,-1.13986,-3552.55,10.4994,0.294
5260000,12,-4.32997,-3519.94,11.2787,0.271
5270000,10,-1.39708,-3513.93,9.86811,0.236
5280000,7,-2.97392,-3548.29,14.8581,0.284
5290000,9,-0.870748,-3524.04,14.0853,0.249
5300000,10,-2.60162,-3509.89,10.3671,0.281
5310000,11,-3.19222,-3522.03,13.9466,0.227
5320000,11,-3.89774,-3516.08,8.70246,0.257
5330000,8,-4.77255,-3521.75,9.9484,0.251
5340000,9,-1.16685,-3540.61,8.95488,0.30425
5350000,9,-2.82048,-3517.9,12.2125,0.241333
5360000,9,-3.62887,-3509.08,10.9298,0.239
5370000,9,-2.22483,-3515.97,5.10558,0.245
5380000,6,-3.11178,-3560.07,10.098,0.279355
5390000,11,1.37386,-3522.29,9.05626,0.261818
5400000,10,-0.682151,-3512.88,10.0887,0.308
5410000,11,-1.17552,-3506.07,9.57899,0.331
5420000,9,-1.90903,-3529.87,8.42488,0.2925
5430000,9,-2.00216,-3516.01,7.25163,0.265
5440000,6,-3.52983,-3558.42,5.14071,0.244167
5450000,12,-5.41883,-3523.55,12.8035,0.312
5460000,11,-4.42002,-3508.82,3.65296,0.281
5470000,9,-4.52566,-3530.84,7.82248,0.308
5480000,9,-4.39297,-3541.58,4.52598,0.246
5490000,8,-3.16812,-3529.69,6.77816,0.285
5500000,8,-4.856,-3531.88,9.87271,0.231
5510000,8,-0.907071,-3532.43,4.48409,0.33
5520000,8,-0.0196474,-3531.37,9.10855,0.235
5530000,9,-0.974749,-3523.85,14.5679,0.27875
5540000,8,-1.18936,-3535,7.84186,0.265
5550000,7,-4.33506,-3557.44,7.35482,0.255356
5560000,8,-0.769865,-3531.44,8.4772,0.280333
5570000,5,-1.64696,-3561.14,7.86037,0.2543
5580000,6,-1.79587,-3559.58,7.57675,0.294
5590000,9,-4.4463,-3525.83,12.0197,0.236
5600000,8,-5.09037,-3539.2,10.4762,0.284429
5610000,9,-1.479,-3535.89,6.75538,0.228
5620000,10,-11.5489,-3524.64,7.55182,0.311
5630000,9,-0.210008,-3527.54,12.2562,0.265833
5640000,8,-3.22466,-3531.26,9.33483,0.272227
5650000,10,-5.55186,-3532.44,9.11225,0.278
5660000,9,-5.47632,-3540.01,8.57786,0.260429
5670000,5,-2.44884,-3562.12,6.75517,0.288333
5680000,9,-3.86248,-3534.13,11.1868,0.283
5690000,9,-4.46178,-3530.27,13.769,0.272
5700000,9,-2.66218,-3525.53,11.9007,0.251
5710000,9,-2.01652,-3533.08,8.18824,0.302
5720000,9,-4.33071,-3543.29,18.1153,0.293667
5730000,9,-0.256974,-3527.45,9.27723,0.295
5740000,7,-4.13767,-3554.78,6.17477,0.259964
5750000,10,-1.04105,-3517.84,6.05195,0.309
5760000,9,-0.465736,-3512.85,7.76044,0.258
5770000,12,0.0307474,-3505.55,13.4206,0.319125
5780000,8,-3.07484,-3534.64,9.41789,0.24
5790000,10,-4.56256,-3522.04,21.239,0.239
5800000,10,-1.37426,-3527.38,7.89338,0.295
5810000,9,-3.45771,-3519.33,5.6408,0.25075
5820000,9,-1.94935,-3527.75,11.2842,0.2778
5830000,9,-6.1049,-3526.06,10.6304,0.278
5840000,8,-1.98997,-3523.57,7.85863,0.268
5850000,10,-1.15849,-3541.65,11.3528,0.291
5860000,8,-0.709694,-3521.93,6.14457,0.282
5870000,10,-2.65652,-3533.42,11.7065,0.2894
5880000,10,-1.81083,-3527.26,7.35016,0.257
5890000,12,-4.25795,-3525.49,14.4293,0.262444
5900000,9,-0.519709,-3521.77,14.6379,0.291
5910000,10,-0.368786,-3514.99,6.70361,0.255
5920000,9,-4.84752,-3525.52,9.29244,0.282957
5930000,9,0.277258,-3514.41,12.0871,0.2945
5940000,7,-1.82636,-3530.29,5.98959,0.2465
5950000,7,-1.51571,-3534.74,16.8536,0.248
5960000,8,-1.68222,-3528.93,12.8865,0.198
5970000,8,-1.96993,-3524.74,7.93102,0.253286
5980000,9,-1.7461,-3512.21,9.53939,0.278
5990000,9,0.302749,-3516.09,5.73149,0.277
6000000,8,-1.05057,-3539.78,9.1412,0.25
6010000,11,0.344399,-3526.06,17.9596,0.29
6020000,7,-1.60422,-3539.1,7.64538,0.242
6030000,9,-4.71865,-3529.22,9.13255,0.27
6040000,5,-2.73757,-3560.57,6.9132,0.24
6050000,11,-7.53898,-3518.6,9.08385,0.313
6060000,8,-4.53297,-3532.85,11.6282,0.225
6070000,7,-1.83459,-3533.43,7.00822,0.228857
6080000,6,-6.78657,-3553.51,12.4491,0.244
6090000,8,-0.487366,-3525.27,8.5774,0.2875
6100000,7,-1.98272,-3533.38,10.4199,0.225
6110000,8,-3.19305,-3544.46,7.83533,0.2218
6120000,8,-1.99493,-3531.28,15.8781,0.243
6130000,9,-4.34763,-3537.09,9.5774,0.231
6140000,8,-1.65529,-3532.27,8.55361,0.259889
6150000,8,-5.76836,-3531.31,15.7313,0.255571
6160000,7,-1.60979,-3533.33,3.80342,0.273
6170000,9,-5.43247,-3525.04,6.53584,0.279
6180000,10,-3.63514,-3534.23,12.1129,0.261
6190000,9,-0.418587,-3525.15,7.83581,0.246
6200000,9,-3.14855,-3523.76,10.1101,0.264
6210000,5,-2.3253,-3558.84,10.9086,0.250542
6220000,7,-1.78186,-3532.54,8.76969,0.265
6230000,8,-3.43087,-3533.15,16.871,0.229
6240000,5,-3.08763,-3559.95,7.76786,0.26275
6250000,5,-2.65263,-3560.58,6.35503,0.2335
6260000,8,-1.05718,-3534.05,8.52916,0.242045
6270000,9,-3.47151,-3531.4,11.2305,0.255824
6280000,8,-5.03006,-3531.49,8.3886,0.242
6290000,6,-2.38225,-3566.37,11.6203,0.241
6300000,9,-4.67108,-3531.05,14.1989,0.218
6310000,5,-3.00175,-3571.23,4.02061,0.267
6320000,5,-3.13424,-3569.13,6.33095,0.259
6330000,9,-5.06142,-3532.7,8.70367,0.276
6340000,8,-4.74373,-3533.12,8.22686,0.264
6350000,9,-2.8873,-3526.72,13.4995,0.251
6360000,10,-6.00377,-3521.04,10.0342,0.236
6370000,11,-6.59287,-3525.44,12.468,0.285
6380000,8,-8.50596,-3551.85,4.25363,0.284
6390000,7,-5.08826,-3554.13,13.04,0.2575
6400000,8,-3.57605,-3537.72,9.73031,0.229
6410000,7,-2.75734,-3533.37,8.13997,0.225
6420000,7,-3.04876,-3535.26,9.55961,0.2243
6430000,7,-3.02072,-3534.12,6.74858,0.171
6440000,6,-2.31198,-3564.72,4.93574,0.264143
6450000,5,-2.54534,-3559.44,4.92406,0.237
6460000,7,-3.59958,-3538.5,5.19306,0.225
6470000,8,-3.36006,-3547.81,7.04723,0.223333
6480000,7,-4.36947,-3534.29,3.50475,0.22
6490000,8,-4.40782,-3543.52,5.47985,0.223333
6500000,10,-4.53882,-3525.19,12.326,0.297
6510000,7,-7.03066,-3531.99,5.43399,0.229846
6520000,8,-1.79822,-3532.91,10.7174,0.245
6530000,8,-3.23094,-3534.56,6.71363,0.25075
6540000,9,-4.35841,-3528.99,18.5376,0.257
6550000,10,-2.49072,-3527.55,8.97326,0.287
6560000,8,-4.07888,-3533.91,7.46746,0.208
6570000,8,-3.72513,-3522.79,6.11268,0.259
6580000,8,-4.61581,-3518.74,10.391,0.233
6590000,8,-2.84632,-3535.2,12.9528,0.248
6600000,8,-4.05853,-3529.36,8.96102,0.22875
6610000,9,-2.69855,-3530.77,10.9759,0.222
6620000,6,-7.35415,-3566.72,8.50412,0.239
6630000,8,-4.18662,-3525.04,12.8108,0.226
6640000,9,-3.03302,-3531.59,16.5658,0.235
6650000,8,-4.24982,-3534.45,5.95408,0.2556
6660000,6,-3.52569,-3554.13,4.87197,0.219375
6670000,10,-5.66113,-3534.76,18.6995,0.3
6680000,8,-1.72778,-3523.54,10.5789,0.281
6690000,11,-2.693,-3527.64,12.9882,0.303
6700000,8,-1.90994,-3524.56,4.81781,0.248333
6710000,5,-2.28934,-3562.81,4.77218,0.233
6720000,8,-3.51419,-3524.77,13.9733,0.262
6730000,8,-1.24592,-3528,6.80381,0.226
6740000,9,-3.79524,-3530.36,12.7364,0.27
6750000,8,-1.28618,-3539.47,9.29779,0.2542
6760000,8,-1.34132,-3532.67,12.5149,0.261
6770000,9,-0.285931,-3532.89,8.50278,0.304
6780000,10,-0.0279024,-3519.13,5.56076,0.282833
6790000,6,-1.45152,-3557.43,2.4727,0.260167
6800000,7,-8.06884,-3543.69,7.74769,0.281
6810000,10,-1.3877,-3521.98,7.97899,0.287
6820000,9,-2.06619,-3533.68,18.6698,0.251
6830000,7,-1.89082,-3539.1,15.2868,0.242
6840000,10,-0.512524,-3519.87,9.16509,0.272
6850000,11,1.41407,-3509.44,11.3578,0.281333
6860000,10,1.01693,-3520.9,11.7839,0.28
6870000,8,-2.32997,-3528.7,10.2269,0.215
6880000,6,-4.241,-3568.02,11.6073,0.269077
6890000,7,-2.04478,-3542.93,4.11666,0.236
6900000,8,-2.64137,-3536.23,7.70881,0.2585
6910000,8,-3.91718,-3532.64,6.49329,0.263125
6920000,9,-6.2142,-3536.08,8.28251,0.307
6930000,8,-1.25762,-3535.76,8.27479,0.252
6940000,8,-2.58017,-3533.7,5.21129,0.248
6950000,8,-3.77404,-3529.3,3.73773,0.2525
6960000,8,-1.34011,-3529.95,7.64739,0.2607
6970000,9,-1.06848,-3524.1,6.87134,0.264
6980000,10,-1.06361,-3525.83,6.27139,0.289
6990000,9,-1.53251,-3521.75,5.95768,0.272
7000000,9,-1.01902,-3521.16,8.58351,0.287333
7010000,8,-2.35384,-3544.01,8.50725,0.264
7020000,8,-3.74715,-3532.54,9.76997,0.254667
7030000,9,-0.87663,-3522.03,12.8439,0.3
7040000,6,-3.31137,-3566.69,15.9315,0.280857
7050000,9,-3.93474,-3522.97,17.3287,0.305
7060000,9,-2.88666,-3521.44,7.83088,0.241
7070000,9,-1.39249,-3535.13,8.22653,0.264429
7080000,9,0.000991964,-3538.06,9.1464,0.254
7090000,8,-0.869795,-3537.46,13.9838,0.274
7100000,9,-3.42863,-3544.88,4.88438,0.261
7110000,11,-5.00449,-3518.09,8.26704,0.293
7120000,10,-2.02253,-3524.71,12.2707,0.254
7130000,11,-2.03863,-3516.68,14.415,0.233
7140000,8,-3.52283,-3539,8.17713,0.283
7150000,9,-3.493,-3545.46,8.37283,0.255
7160000,11,-1.49742,-3518.55,11.332,0.262
7170000,12,-0.343043,-3534.78,9.48222,0.333
7180000,10,-6.36977,-3522.61,9.12778,0.273133
7190000,10,-0.836376,-3523.74,10.7114,0.291867
7200000,9,-3.1349,-3519.31,13.2837,0.271
7210000,9,-3.69335,-3538.34,7.79129,0.248
7220000,8,0.807138,-3530.15,7.89146,0.2715
7230000,8,-3.6366,-3530.67,12.2323,0.237692
7240000,8,-0.918433,-3522.87,8.7672,0.236
7250000,5,-4.16654,-3562.28,4.37123,0.249
7260000,9,-4.83683,-3529.16,8.84235,0.294
7270000,8,-3.34017,-3540.21,6.93969,0.265
7280000,5,-4.14765,-3565.75,6.82493,0.215
7290000,5,-2.86669,-3557.02,7.00437,0.2323
7300000,7,-5.29955,-3543.67,12.2869,0.228
7310000,10,-3.26508,-3514.32,8.69011,0.269
7320000,11,-1.92103,-3531.95,10.8249,0.2885
7330000,10,-2.55673,-3522.96,10.1088,0.309
7340000,10,-1.72065,-3530.67,10.7614,0.265
7350000,7,-0.713131,-3539.9,7.075,0.252
7360000,10,-0.606531,-3519.82,9.01761,0.2895
7370000,9,-1.92527,-3525.43,6.77105,0.271
7380000,10,-4.46598,-3529.26,11.5687,0.251667
7390000,9,-1.10043,-3531.34,7.94965,0.2565
7400000,10,-1.9663,-3531.57,14.2513,0.307
7410000,7,-1.52032,-3542.67,16.3414,0.2745
7420000,9,-2.14211,-3510.75,14.4362,0.227
7430000,9,-1.04526,-3510.97,6.28746,0.256
7440000,9,-0.963531,-3522.62,10.5909,0.268
7450000,9,-7.27342,-3525.61,12.7245,0.286
7460000,6,-3.96161,-3556.49,7.4954,0.261333
7470000,8,-1.97137,-3524.95,12.582,0.267
7480000,9,-0.133629,-3515.71,7.27746,0.29
7490000,9,-4.33423,-3517.3,7.63236,0.242
7500000,11,-1.75529,-3520.17,10.7778,0.273
7510000,9,-2.2116,-3513.19,13.4741,0.2952
7520000,8,-0.926197,-3522.71,6.56565,0.248875
7530000,9,-3.82118,-3521.69,8.1712,0.267625
7540000,7,-3.40366,-3555.38,4.07268,0.288
7550000,7,-3.4986,-3553.25,9.64418,0.248
7560000,9,-2.69573,-3530.43,10.8011,0.296
7570000,8,-5.62912,-3522.74,4.68434,0.254
7580000,11,-3.49646,-3522.22,12.2208,0.24
7590000,11,-4.78871,-3516.25,11.0182,0.273333
7600000,12,-1.36661,-3513.79,12.1267,0.271889
7610000,7,-1.89976,-3545.06,7.86839,0.249
7620000,10,-2.67223,-3526.38,12.2964,0.249308
7630000,11,-5.12446,-3530.86,5.39269,0.2644
7640000,9,-6.21813,-3523.27,14.7108,0.233
7650000,8,-2.32282,-3527.91,5.53292,0.217
7660000,7,-8.17151,-3540.54,10.2894,0.218
7670000,9,-3.52952,-3523.32,8.7226,0.279
7680000,10,-3.40542,-3526.92,11.6219,0.276
7690000,8,-1.20073,-3525.29,10.8233,0.256
7700000,8,-0.396253,-3534.53,5.99892,0.29175
7710000,8,-0.647148,-3537.66,9.31458,0.277
7720000,8,-0.596801,-3522.68,10.7837,0.26055
7730000,10,-2.89146,-3509.39,18.7281,0.303
7740000,10,-1.69329,-3518.81,14.5939,0.2694
7750000,11,-1.06484,-3506.27,11.8378,0.273
7760000,7,-1.50864,-3544.7,4.19542,0.243462
7770000,8,-0.268106,-3524.94,10.9206,0.259
7780000,8,-0.649429,-3547.09,6.75097,0.253
7790000,8,-3.64237,-3538.33,4.9501,0.2695
7800000,7,-0.172345,-3539.18,4.08023,0.249933
7810000,6,-2.55055,-3547.08,13.1458,0.16
7820000,8,-2.89854,-3533.78,5.46952,0.252111
7830000,8,-0.82795,-3526.43,7.89376,0.221
7840000,6,-0.741848,-3549.03,7.18907,0.256
7850000,8,-1.06657,-3546.84,7.3818,0.293333
7860000,8,-0.873621,-3526.33,15.1739,0.263
7870000,8,-3.69166,-3533.11,5.54724,0.294
7880000,8,-2.27061,-3535.72,8.53601,0.269
7890000,7,-1.39533,-3531.61,10.6531,0.239
7900000,7,-2.08636,-3540.02,9.43546,0.247333
7910000,8,-1.34341,-3540.69,13.9053,0.301
7920000,7,-1.29132,-3546.91,12.8864,0.27
7930000,10,-2.32779,-3526.23,9.20038,0.287176
7940000,7,-1.13879,-3535.17,6.9295,0.223
7950000,8,-4.66121,-3531.74,8.5252,0.276
7960000,9,-0.640529,-3515.28,11.8168,0.281
7970000,10,-2.50307,-3534.06,11.2983,0.2325
7980000,13,-3.64548,-3525.36,8.62073,0.292333
7990000,9,-1.61717,-3532.52,8.28533,0.2505
8000000,8,-3.83616,-3538.63,14.6747,0.253
8010000,7,-2.77678,-3551.78,3.84874,0.274
8020000,8,-2.62317,-3530.93,11.638,0.247
8030000,8,-3.99347,-3528.92,7.95538,0.251
8040000,9,-5.66118,-3529.15,8.07219,0.26
8050000,9,-4.96707,-3531.06,10.6749,0.283
8060000,6,-2.13565,-3544.67,9.53339,0.264
8070000,8,-2.28334,-3519.33,11.7541,0.2774
8080000,6,-4.12949,-3554.22,5.40961,0.245562
8090000,6,-1.59207,-3551.98,1.79744,0.247
8100000,6,-0.984486,-3549.44,8.15277,0.2685
8110000,8,-0.92952,-3522.5,14.9077,0.257
8120000,8,-0.220858,-3519.16,8.26743,0.247
8130000,7,-3.52406,-3543.29,8.23639,0.269714
8140000,8,-0.106152,-3520.2,8.73785,0.226
8150000,8,-1.94396,-3528.9,7.18278,0.2636
8160000,10,-3.06103,-3524.6,15.9495,0.268
8170000,6,-2.42251,-3554.11,6.49846,0.257
8180000,10,0.837086,-3517.16,8.98512,0.3165
8190000,6,-4.86695,-3559.01,6.0522,0.277
8200000,9,-4.71596,-3533.9,9.78645,0.294
8210000,6,-1.42518,-3549.39,4.50759,0.222
8220000,6,-2.42116,-3553.2,8.43091,0.2455
8230000,9,-3.41473,-3517.88,11.1157,0.266
8240000,10,-1.73599,-3509.23,13.2015,0.290571
8250000,6,-5.09448,-3549.65,8.32183,0.203
8260000,9,-3.70978,-3524.75,9.09766,0.266
8270000,9,-5.26009,-3539.13,9.14775,0.3048
8280000,8,0.225058,-3524.54,11.1433,0.235
8290000,8,-1.25558,-3518.36,6.34965,0.2726
8300000,6,-2.49847,-3540.06,5.04416,0.233
8310000,8,-2.87715,-3546.02,6.48478,0.201
8320000,8,-1.68291,-3526.75,9.41994,0.2528
8330000,8,-1.25955,-3535.19,7.4733,0.2605
8340000,7,-3.17561,-3536.84,12.7067,0.17
8350000,9,-0.69259,-3513.46,8.35867,0.2564
8360000,7,-8.10351,-3540.69,16.5551,0.245
8370000,8,-9.02042,-3535.67,11.2314,0.245
8380000,9,-4.68498,-3533.86,7.11145,0.22125
8390000,11,-5.50125,-3532.17,13.5322,0.234
8400000,7,-3.28324,-3545.18,6.66462,0.204
8410000,8,-1.25693,-3527.06,6.62006,0.249
8420000,8,-3.36338,-3525.34,7.00985,0.22
8430000,8,-0.752904,-3526.48,8.64663,0.243
8440000,6,-1.67354,-3542.37,4.65237,0.233
8450000,10,-2.26896,-3528.53,6.82533,0.266
8460000,8,-3.57346,-3534.17,8.33382,0.26
8470000,7,-5.38265,-3546.83,9.4095,0.23175
8480000,7,-3.33759,-3541.49,12.4476,0.241
8490000,10,-3.13103,-3527.3,12.6354,0.268
8500000,8,-0.00427666,-3523.97,6.62739,0.295
8510000,8,-1.38054,-3525.74,11.9137,0.2665
8520000,11,-9.31975,-3533.65,10.3867,0.267
8530000,10,-5.7209,-3535.14,9.43317,0.31
8540000,6,-5.2034,-3540.76,5.55821,0.23675
8550000,6,-1.82127,-3547.3,5.01948,0.232308
8560000,9,-2.28899,-3527.79,17.0238,0.253
8570000,6,-1.37208,-3542.06,3.39983,0.23
8580000,8,-2.19915,-3537.05,6.6923,0.2214
8590000,8,-1.91049,-3535.93,5.46041,0.201
8600000,8,-3.0224,-3535.09,9.03342,0.226222
8610000,8,-12.1312,-3549.92,10.4965,0.244
8620000,8,-1.05608,-3523.94,10.4599,0.28075
8630000,8,-2.98862,-3536.02,7.4749,0.236
8640000,8,-0.668632,-3538.99,12.3382,0.242
8650000,6,-2.29279,-3547.92,13.7413,0.23125
8660000,7,-2.60663,-3537.56,4.43415,0.201
8670000,7,-2.82389,-3545.19,10.285,0.207
8680000,6,-3.9794,-3537.47,4.78499,0.1925
8690000,8,-1.70496,-3549.11,7.67918,0.251
8700000,9,-5.82591,-3534.07,14.4835,0.264286
8710000,6,-2.9645,-3545.27,8.91836,0.219
8720000,6,-3.38396,-3543.55,8.6576,0.253
8730000,7,-3.05602,-3548.75,7.65791,0.27
8740000,7,-2.81041,-3539.35,9.07862,0.235667
8750000,6,-3.5851,-3564,3.62565,0.269182
8760000,8,-3.7857,-3544.03,12.4106,0.243667
8770000,7,-2.42335,-3540.46,7.06476,0.256
8780000,8,-3.14323,-3531.45,4.46457,0.295
8790000,6,-1.18626,-3556.37,7.66249,0.292
8800000,8,-6.80498,-3533.37,12.4377,0.243
8810000,7,-2.45926,-3536.05,14.1327,0.261
8820000,6,-1.67128,-3550.82,6.60891,0.261667
8830000,6,-3.55998,-3551.37,3.07671,0.247
8840000,6,-1.91551,-3547.42,3.28121,0.252
8850000,6,-2.298,-3548.27,4.97509,0.254
8860000,6,-1.94065,-3554.52,10.1662,0.242
8870000,7,-2.45054,-3537.71,5.46112,0.246
8880000,9,-5.07514,-3535.72,9.38513,0.2585
8890000,6,-1.91742,-3541.36,5.93242,0.233
8900000,7,-1.62681,-3530.53,7.20124,0.210182
8910000,6,-1.3225,-3547.15,8.07437,0.209
8920000,6,-2.50782,-3544.75,4.95735,0.269
8930000,6,-2.90237,-3537.71,3.48636,0.213222
8940000,7,-2.09578,-3538.44,10.7602,0.271
8950000,6,-2.92112,-3544.57,9.15354,0.234
8960000,6,-2.86046,-3547.9,5.97107,0.274
8970000,8,-2.68992,-3547.38,6.66181,0.295
8980000,7,-1.76159,-3544.42,6.07452,0.29
8990000,7,-4.49102,-3533.67,7.48515,0.296
9000000,7,-2.62501,-3548.09,6.41402,0.276
9010000,8,-2.50341,-3538.69,9.71309,0.259
9020000,8,-3.89936,-3542.93,9.7393,0.283
9030000,6,-2.14989,-3546.33,7.33592,0.253
9040000,8,-4.29747,-3544.99,9.18377,0.275261
9050000,7,-3.61809,-3537.53,10.3495,0.229
9060000,7,-2.03608,-3535.25,12.8858,0.250444
9070000,7,-2.51873,-3536.93,3.50727,0.26
9080000,7,-1.42064,-3531.93,6.24206,0.2975
9090000,7,-2.8366,-3536.96,11.3148,0.2775
9100000,8,-1.74157,-3533,8.11514,0.257
9110000,8,-1.49897,-3528.2,9.6028,0.2905
9120000,8,-1.72657,-3526.8,8.5945,0.257
9130000,8,-1.63376,-3522.38,11.3546,0.275
9140000,8,-1.42045,-3526.07,14.6795,0.27175
9150000,7,-3.72478,-3543.1,7.94227,0.2544
9160000,9,-2.77629,-3529.47,11.939,0.301
9170000,6,-1.70732,-3545.96,10.1017,0.2309
9180000,11,-4.28924,-3519.34,8.69582,0.28
9190000,9,-2.73692,-3520.26,6.42322,0.313
9200000,9,-7.31865,-3532.06,13.6402,0.3
9210000,9,-3.86654,-3534.88,12.521,0.256
9220000,7,-3.6985,-3534.77,8.94171,0.232
9230000,8,-0.891389,-3533.15,8.9914,0.2525
9240000,11,-2.78239,-3529.7,5.84506,0.262
9250000,7,-4.22972,-3539.19,4.37101,0.2586
9260000,8,-2.53374,-3538.78,6.99285,0.276
9270000,10,-3.48292,-3522.21,14.9431,0.31
9280000,9,-2.66379,-3536.93,10.7136,0.274286
9290000,8,-4.70328,-3543.67,14.4897,0.301125
9300000,6,-2.71535,-3544.42,4.42455,0.237
9310000,8,-1.24523,-3543.14,8.74843,0.289667
9320000,8,-1.26507,-3550.4,7.53169,0.263944
9330000,7,-0.988244,-3540.04,7.82306,0.269
9340000,9,-1.04613,-3527.58,11.0616,0.296
9350000,10,-1.60371,-3535.45,8.46113,0.27925
9360000,7,-1.29373,-3541.51,5.14721,0.256
9370000,6,-3.74687,-3546.71,7.33035,0.233
9380000,8,-2.98291,-3526.75,7.83021,0.2215
9390000,7,-0.934153,-3540.89,12.241,0.2255
9400000,9,-5.18605,-3533.95,11.729,0.217
9410000,6,-3.40696,-3544.43,3.89752,0.272
9420000,7,-3.43487,-3550.63,5.53914,0.259167
9430000,7,-3.68617,-3535.19,12.8388,0.24
9440000,7,-1.98882,-3533.09,11.0367,0.230875
9450000,7,-2.24699,-3538.22,10.7364,0.254667
9460000,7,-1.18922,-3542.87,7.9805,0.263909
9470000,7,-5.10464,-3534.18,6.78483,0.239
9480000,7,-3.18845,-3537.3,7.46535,0.2342
9490000,7,-2.67145,-3536.03,6.54611,0.2455
9500000,8,-1.50268,-3534.31,11.0174,0.287
9510000,8,-2.14036,-3536.24,8.34089,0.2902
9520000,7,-1.49675,-3537.64,4.76657,0.280125
9530000,7,-4.36005,-3537.08,4.56054,0.255
9540000,8,-2.17139,-3535.84,8.94479,0.2506
9550000,9,-2.90613,-3535.96,5.60541,0.246667
9560000,7,-2.41128,-3534.3,9.18089,0.208
9570000,7,-3.10838,-3530.7,10.5218,0.247
9580000,10,-2.58248,-3525.94,11.4817,0.26236
9590000,9,-5.53951,-3534.6,10.5212,0.283667
9600000,8,-2.75477,-3531.48,10.7593,0.257
9610000,7,-3.72749,-3538.31,10.3355,0.2504
9620000,12,-5.54902,-3536.3,14.7162,0.269
9630000,8,-4.61025,-3531.79,12.4507,0.229
9640000,9,-1.44468,-3531.89,7.29946,0.285
9650000,8,-2.77306,-3539.48,6.00459,0.281
9660000,10,-2.04438,-3537.5,9.8922,0.312
9670000,8,-0.911753,-3535.57,7.17189,0.257083
9680000,8,-0.905312,-3528.68,3.4941,0.265
9690000,8,-3.42957,-3527.87,6.88408,0.224
9700000,10,-6.2065,-3527.3,11.6607,0.239
9710000,7,-3.47918,-3528.34,8.09182,0.2296
9720000,7,-3.54967,-3533.77,6.69042,0.221667
9730000,9,-2.77062,-3534.56,10.1908,0.25
9740000,8,-1.89811,-3531.81,14.2153,0.253
9750000,8,-3.2925,-3532.71,6.13984,0.250167
9760000,9,-1.12877,-3526.79,6.13507,0.224
9770000,8,-4.3511,-3542.49,11.3967,0.263
9780000,7,-3.16421,-3540.13,5.8339,0.2475
9790000,10,-3.22147,-3533.91,8.52442,0.27525
9800000,9,-0.365468,-3535.38,15.1066,0.25
9810000,11,-2.72467,-3540.22,20.0434,0.3205
9820000,8,-2.0668,-3541.44,7.5918,0.260111
9830000,7,-2.32187,-3537.58,6.07536,0.228
9840000,8,-2.78089,-3543.89,11.8799,0.223
9850000,9,-2.91694,-3535.34,10.6411,0.242083
9860000,8,-2.25848,-3539.08,11.6591,0.262
9870000,8,-0.302669,-3540.64,6.71125,0.268
9880000,9,-1.84256,-3531.74,3.52671,0.291
9890000,9,-3.11644,-3528.05,6.27021,0.26
9900000,7,-1.60089,-3537.69,8.04707,0.269
9910000,7,-3.52965,-3536.62,8.36972,0.24
9920000,8,-4.04649,-3543.96,9.5093,0.258
9930000,8,-2.03273,-3531.72,12.0369,0.203
9940000,7,-2.56161,-3541.97,10.3074,0.2205
9950000,9,-4.39544,-3526.7,13.2516,0.267
9960000,9,-2.53068,-3527.05,8.58902,0.246
9970000,8,-4.55978,-3537.25,15.8234,0.257308
9980000,8,-2.38558,-3545.85,10.4118,0.252
9990000,7,-1.80119,-3537.17,7.06903,0.271
